9 100000 51980 10 
1.99e30 2.920248396549780E+08 8.972132474121116E+08 -1.852273805250082E+07 -9.766021015197407E+00 8.999107274274724E+00 2.343058883707526E-01
0.33e24 3.829319260184269E+10 3.006579981572141E+10 -1.121291495019559E+09 -3.924482531869952E+04 4.075261406219975E+04 6.928932150005902E+03
4.87e24 -6.288713524018889E+10 -8.711498473448260E+10 2.420028410161521E+09 2.819420158427912E+04 -2.057574198728450E+04 -1.909682490007154E+03
5.97e24 4.140466469890121E+10 1.424503995927281E+11 -2.445535338269174E+07 -2.908835936996451E+04 8.209644361960233E+03 -9.912014509612099E-01
0.642e24 -2.461494412318427E+11 -8.135321860360315E+09 5.840321737549835E+09 1.782308233072359E+03 -2.213417581488241E+04 -5.077600037411356E+02
1898e24 -6.546426964798173E+11 -4.808722956005415E+11 1.663711488827327E+10 7.580054129332052E+03 -9.908450611467071E+03 -1.284402525644377E+02
568e24 -1.334215714757109E+10 -1.504394065313983E+12 2.668798870954269E+10 9.129211782543706E+03 -1.178929428362886E+02 -3.607824250715662E+02
86.8e24 2.658409446072430E+12 1.342881443829036E+12 -2.945261707595515E+10 -3.120325134675427E+03 5.761001873658634E+03 6.170745789759779E+01
102e24 4.287271774704164E+12 -1.297057972347536E+12 -7.209406620702243E+10 1.537407993825956E+03 5.235166632803802E+03 -1.425296174958979E+02
